z	zmin	zmax	tlook	tlookmin	tlookmax	dl		z	tlook	a	delta-tlook		a1	a2	t1	t2	t-interp	Chi^2
0.03	0.027	0.033	0.3993	0.3601	0.4383	0.0435		0.03	-0.3993	0.970873786	0.0391		0.97	0.98	-0.404419252	-0.26887728	-0.392575779	0.029575392
0.04	0.033	0.0405	0.4965	0.4383	0.5351	0.0543		0.04	-0.4965	0.961538462	0.0484		0.96	0.97	-0.540694018	-0.404419252	-0.519728669	0.230333944
0.05	0.0405	0.051	0.6118	0.5351	0.669	0.0671		0.05	-0.6118	0.952380952	0.06695		0.95	0.96	-0.677698874	-0.540694018	-0.64507867	0.247076116
0.014	0.0105	0.015	0.1817	0.1416	0.2017	0.0193		0.014	-0.1817	0.986193294	0.03005		0.98	0.99	-0.26887728	-0.134070295	-0.185387352	0.015057065
0.033	0.0225	0.0285	0.3404	0.301	0.3797	0.0367		0.033	-0.3404	0.968054211	0.03935		0.96	0.97	-0.540694018	-0.404419252	-0.430935445	5.293559656
0.056	0.051	0.0615	0.7446	0.669	0.8009	0.0833		0.056	-0.7446	0.946969697	0.06595		0.94	0.95	-0.815430574	-0.677698874	-0.719435753	0.145592259
0.014	0.0105	0.015	0.1817	0.1416	0.2017	0.0192		0.014	-0.1817	0.986193294	0.03005		0.98	0.99	-0.26887728	-0.134070295	-0.185387352	0.015057065
0.017	0.015	0.0195	0.2217	0.2017	0.2614	0.0251		0.017	-0.2217	0.983284169	0.02985		0.98	0.99	-0.26887728	-0.134070295	-0.224604386	0.009467168
0.018	0.0165	0.021	0.2614	0.2217	0.2812	0.0282		0.018	-0.2614	0.982318271	0.02975		0.98	0.99	-0.26887728	-0.134070295	-0.237625366	0.638636502
0.026	0.024	0.03	0.3601	0.3207	0.3993	0.0384		0.026	-0.3601	0.974658869	0.0393		0.97	0.98	-0.404419252	-0.26887728	-0.341272017	0.229521025
0.036	0.03	0.0375	0.4577	0.3993	0.4965	0.0493		0.036	-0.4577	0.965250965	0.0486		0.96	0.97	-0.540694018	-0.404419252	-0.469136612	0.055376082
0.043	0.036	0.0435	0.5158	0.4771	0.5735	0.0579		0.043	-0.5158	0.958772771	0.0482		0.95	0.96	-0.677698874	-0.540694018	-0.557507653	0.748751031
0.045	0.045	0.054	0.65	0.5927	0.7069	0.0719		0.045	-0.65	0.956937799	0.0571		0.95	0.96	-0.677698874	-0.540694018	-0.582647658	1.391339724
0.046	0.033	0.0405	0.4771	0.4383	0.5351	0.0536		0.046	-0.4771	0.956022945	0.0484		0.95	0.96	-0.677698874	-0.540694018	-0.595181609	5.952149092
0.058	0.048	0.057	0.6879	0.6309	0.7446	0.0767		0.058	-0.6879	0.945179584	0.05685		0.94	0.95	-0.815430574	-0.677698874	-0.744091281	0.976960344
0.061	0.051	0.063	0.7446	0.669	0.8196	0.0833		0.061	-0.7446	0.942507069	0.0753		0.94	0.95	-0.815430574	-0.677698874	-0.780900289	0.232396842
0.063	0.06	0.072	0.8569	0.7822	0.931	0.0984		0.063	-0.8569	0.940733772	0.0744		0.94	0.95	-0.815430574	-0.677698874	-0.805324203	0.480558236
0.075	0.063	0.0765	0.894	0.8196	0.9862	0.103		0.075	-0.894	0.930232558	0.0833		0.93	0.94	-0.953885305	-0.815430574	-0.950665428	0.462749906
0.079	0.069	0.081	0.9678	0.894	1.041	0.1114		0.079	-0.9678	0.926784059	0.0735		0.92	0.93	-1.093058656	-0.953885305	-0.998642629	0.176087332
0.088	0.069	0.09	1.0227	0.894	1.1496	0.1183		0.088	-1.0227	0.919117647	0.1278		0.91	0.92	-1.232945592	-1.093058656	-1.105401621	0.418761108
0.101	0.0945	0.1141	1.3278	1.2035	1.433	0.1581		0.101	-1.3278	0.908265213	0.11475		0.9	0.91	-1.373540417	-1.232945592	-1.257335793	0.377078481
0.018	0.012	0.0165	0.1817	0.1617	0.2217	0.0207		0.018	-0.1817	0.982318271	0.03		0.98	0.99	-0.26887728	-0.134070295	-0.237625366	3.475162853
0.025	0.018	0.0225	0.2812	0.2416	0.301	0.03		0.025	-0.2812	0.975609756	0.0297		0.97	0.98	-0.404419252	-0.26887728	-0.328383512	2.523873716
0.028	0.0225	0.0285	0.3404	0.301	0.3797	0.0367		0.028	-0.3404	0.972762646	0.03935		0.97	0.98	-0.404419252	-0.26887728	-0.366973804	0.45605581
0.05	0.0465	0.0555	0.669	0.6118	0.7258	0.0746		0.05	-0.669	0.952380952	0.057		0.95	0.96	-0.677698874	-0.540694018	-0.64507867	0.176124967
0.052	0.048	0.057	0.6879	0.6309	0.7446	0.0778		0.052	-0.6879	0.950570342	0.05685		0.95	0.96	-0.677698874	-0.540694018	-0.669884909	0.100418098
0.071	0.063	0.0765	0.9125	0.8196	0.9862	0.1035		0.071	-0.9125	0.933706816	0.0833		0.93	0.94	-0.953885305	-0.815430574	-0.902562683	0.014231421
0.016	0.0135	0.018	0.2017	0.1817	0.2416	0.0228		0.016	-0.2017	0.984251969	0.02995		0.98	0.99	-0.26887728	-0.134070295	-0.211557775	0.108333833
0.024	0.018	0.0225	0.2812	0.2416	0.301	0.03		0.024	-0.2812	0.9765625	0.0297		0.97	0.98	-0.404419252	-0.26887728	-0.315469833	1.331407732
0.029	0.024	0.03	0.3601	0.3207	0.3993	0.0397		0.029	-0.3601	0.971817298	0.0393		0.97	0.98	-0.404419252	-0.26887728	-0.379787232	0.250948268
0.036	0.0285	0.0345	0.4188	0.3797	0.4577	0.0458		0.036	-0.4188	0.965250965	0.039		0.96	0.97	-0.540694018	-0.404419252	-0.469136612	1.665860941
0.478	0.4397	0.5328	4.8629	4.5079	5.1772	0.9013		0.478	-4.8629	0.676589986	0.33465		0.67	0.68	-4.777032194	-4.623732039	-4.676007599	0.311890126
0.049	0.036	0.0435	0.5351	0.4771	0.5735	0.0587		0.049	-0.5351	0.953288847	0.0482		0.95	0.96	-0.677698874	-0.540694018	-0.63264008	4.095171888
0.4	0.3782	0.4442	4.2869	4.021	4.5421	0.736		0.4	-4.2869	0.714285714	0.26055		0.71	0.72	-4.165865749	-4.0140169	-4.100787671	0.510232518
0.615	0.5073	0.6123	5.3676	5.0012	5.6924	1.0688		0.615	-5.3676	0.619195046	0.3456		0.61	0.62	-5.701682548	-5.547175172	-5.559612298	0.308681516
0.48	0.4277	0.5058	4.7102	4.4158	4.9907	0.8568		0.48	-4.7102	0.675675676	0.28745		0.67	0.68	-4.777032194	-4.623732039	-4.690023998	0.004926581
0.45	0.3872	0.4622	4.4042	4.0946	4.6769	0.7671		0.45	-4.4042	0.689655172	0.29115		0.68	0.69	-4.623732039	-4.470751186	-4.476026388	0.060860352
0.388	0.3827	0.4487	4.3223	4.0579	4.5761	0.7462		0.388	-4.3223	0.720461095	0.2591		0.72	0.73	-4.0140169	-3.862598865	-4.007035088	1.480527397
0.425	0.2956	0.4187	3.8586	3.3055	4.3458	0.6264		0.425	-3.8586	0.701754386	0.52015		0.7	0.71	-4.318119572	-4.165865749	-4.291408375	0.692363407
0.62	0.5463	0.6873	5.7294	5.2682	6.1359	1.2047		0.62	-5.7294	0.617283951	0.43385		0.61	0.62	-5.701682548	-5.547175172	-5.589140138	0.104517162
0.57	0.4922	0.6063	5.2982	4.8951	5.6552	1.0444		0.57	-5.2982	0.636942675	0.38005		0.63	0.64	-5.392777412	-5.238527846	-5.285686949	0.001084039
0.3	0.2431	0.3032	3.1109	2.809	3.3737	0.458		0.3	-3.1109	0.769230769	0.28235		0.76	0.77	-3.411168455	-3.261706159	-3.273203259	0.330429562
0.38	0.3692	0.4457	4.2632	3.9465	4.5534	0.7293		0.38	-4.2632	0.724637681	0.30345		0.72	0.73	-4.0140169	-3.862598865	-3.943794043	1.107928514
0.43	0.3932	0.5238	4.6546	4.1432	5.1157	0.8412		0.43	-4.6546	0.699300699	0.48625		0.69	0.7	-4.470751186	-4.318119572	-4.328793112	0.448953432
0.027	0.027	0.033	0.3993	0.3601	0.4383	0.0435		0.027	-0.3993	0.973709834	0.0391		0.97	0.98	-0.404419252	-0.26887728	-0.354135424	1.334265822
0.034	0.03	0.0375	0.4577	0.3993	0.4965	0.0498		0.034	-0.4577	0.967117988	0.0486		0.96	0.97	-0.540694018	-0.404419252	-0.443693798	0.083055474
0.124	0.1156	0.1426	1.6054	1.4504	1.7577	0.1981		0.124	-1.6054	0.889679715	0.15365		0.88	0.89	-1.656827499	-1.514836753	-1.519384499	0.313392293
0.495	0.4097	0.4817	4.5534	4.2751	4.8196	0.8107		0.495	-4.5534	0.668896321	0.27225		0.66	0.67	-4.930620301	-4.777032194	-4.793983389	0.780900141
0.828	0.6873	1.0025	6.9723	6.1359	7.6354	1.7819		0.828	-6.9723	0.547045952	0.74975		0.54	0.55	-6.782757978	-6.628685184	-6.674199029	0.158086153
0.538	0.4832	0.5598	5.1054	4.8305	5.3577	0.9792		0.538	-5.1054	0.650195059	0.2636		0.65	0.66	-5.084463588	-4.930620301	-5.081462744	0.008246277
0.86	0.7639	0.9755	7.0769	6.5501	7.5262	1.8403		0.86	-7.0769	0.537634409	0.48805		0.53	0.54	-6.93657999	-6.782757978	-6.819145981	0.278921671
0.778	0.6873	0.914	6.7477	6.1359	7.2653	1.6629		0.778	-6.7477	0.562429696	0.5647		0.56	0.57	-6.474411548	-6.319985657	-6.436890747	0.302936989
0.508	0.3707	0.4982	4.4735	3.959	4.9378	0.7886		0.508	-4.4735	0.663129973	0.4894		0.66	0.67	-4.930620301	-4.777032194	-4.882547631	0.698585927
0.518	0.4847	0.6258	5.338	4.8413	5.7752	1.059		0.518	-5.338	0.658761528	0.46695		0.65	0.66	-5.084463588	-4.930620301	-4.949673356	0.691597826
0.334	0.2296	0.2986	3.0116	2.6757	3.3328	0.4394		0.334	-3.0116	0.749625187	0.32855		0.74	0.75	-3.711636167	-3.561152039	-3.566792374	2.855512335
0.44	0.3827	0.4487	4.3223	4.0579	4.5761	0.7462		0.44	-4.3223	0.694444444	0.2591		0.69	0.7	-4.470751186	-4.318119572	-4.402914913	0.096804591
0.5	0.4907	0.5793	5.1976	4.8844	5.4845	1.0113		0.5	-5.1976	0.666666667	0.30005		0.66	0.67	-4.930620301	-4.777032194	-4.828228229	1.515444865
0.01	0.009	0.0135	0.1416	0.1215	0.1817	0.016		0.01	-0.1416	0.99009901	0.0301		0.99	1	-0.134070295	0	-0.132742866	0.086587146
0.013	0.0105	0.015	0.1617	0.1416	0.2017	0.0183		0.013	-0.1617	0.987166831	0.03005		0.98	0.99	-0.26887728	-0.134070295	-0.172263389	0.123571302
0.016	0.0135	0.018	0.2017	0.1817	0.2416	0.0232		0.016	-0.2017	0.984251969	0.02995		0.98	0.99	-0.26887728	-0.134070295	-0.211557775	0.108333833
0.017	0.015	0.0195	0.2217	0.2017	0.2614	0.0252		0.017	-0.2217	0.983284169	0.02985		0.98	0.99	-0.26887728	-0.134070295	-0.224604386	0.009467168
0.029	0.03	0.036	0.4383	0.3993	0.4771	0.0484		0.029	-0.4383	0.971817298	0.0389		0.97	0.98	-0.404419252	-0.26887728	-0.379787232	2.262570336
0.58	0.5493	0.6528	5.6271	5.2882	5.9367	1.1665		0.58	-5.6271	0.632911392	0.32425		0.63	0.64	-5.392777412	-5.238527846	-5.347869311	0.741594205
0.526	0.4637	0.5388	4.9696	4.688	5.2178	0.9351		0.526	-4.9696	0.655307995	0.2649		0.65	0.66	-5.084463588	-4.930620301	-5.002803652	0.015711143
0.172	0.1531	0.1801	2.0216	1.8742	2.1664	0.2611		0.172	-2.0216	0.853242321	0.1461		0.85	0.86	-2.086883723	-1.94286003	-2.040186621	0.016184544
0.18	0.1651	0.1951	2.1664	2.0054	2.3243	0.285		0.18	-2.1664	0.847457627	0.15945		0.84	0.85	-2.231565577	-2.086883723	-2.123667245	0.07182452
0.472	0.4442	0.5208	4.8305	4.5421	5.0951	0.8931		0.472	-4.8305	0.679347826	0.2765		0.67	0.68	-4.777032194	-4.623732039	-4.633729876	0.506440057
0.43	0.3722	0.4337	4.2274	3.9714	4.462	0.7192		0.43	-4.2274	0.699300699	0.2453		0.69	0.7	-4.470751186	-4.318119572	-4.328793112	0.170852684
0.657	0.6033	0.7099	5.9632	5.6365	6.2615	1.2968		0.657	-5.9632	0.603500302	0.3125		0.6	0.61	-5.856259502	-5.701682548	-5.802152904	0.265586352
0.32	0.3017	0.3512	3.5876	3.3601	3.795	0.5609		0.32	-3.5876	0.757575758	0.21745		0.75	0.76	-3.561152039	-3.411168455	-3.447528112	0.414937936
0.579	0.5178	0.6063	5.3774	5.0743	5.6552	1.0737		0.579	-5.3774	0.633312223	0.29045		0.63	0.64	-5.392777412	-5.238527846	-5.341686517	0.015118951
0.45	0.3797	0.4607	4.3575	4.0333	4.6658	0.7566		0.45	-4.3575	0.689655172	0.31625		0.68	0.69	-4.623732039	-4.470751186	-4.476026388	0.140465293
0.581	0.4742	0.5553	5.0639	4.7651	5.328	0.9658		0.581	-5.0639	0.632511069	0.28145		0.63	0.64	-5.392777412	-5.238527846	-5.354044283	1.062736332
0.416	0.3872	0.4547	4.3575	4.0946	4.6211	0.7566		0.416	-4.3575	0.706214689	0.26325		0.7	0.71	-4.318119572	-4.165865749	-4.223498552	0.259108835
0.83	0.7519	0.8764	6.8068	6.4875	7.0975	1.6939		0.83	-6.8068	0.546448087	0.305		0.54	0.55	-6.782757978	-6.628685184	-6.683410493	0.163665363
0.43	0.4157	0.5133	4.6991	4.3223	5.0431	0.8529		0.43	-4.6991	0.699300699	0.3604		0.69	0.7	-4.470751186	-4.318119572	-4.328793112	1.055732806
0.74	0.5928	0.7579	6.0761	5.5705	6.5189	1.3455		0.74	-6.0761	0.574712644	0.4742		0.57	0.58	-6.319985657	-6.16545472	-6.247160733	0.130130038
0.46	0.3107	0.4382	4.0086	3.4412	4.4965	0.662		0.46	-4.0086	0.684931507	0.52765		0.68	0.69	-4.623732039	-4.470751186	-4.548289427	1.046154757
0.63	0.5538	0.7504	5.9455	5.3181	6.4796	1.2909		0.63	-5.9455	0.613496933	0.58075		0.61	0.62	-5.701682548	-5.547175172	-5.647652361	0.263032787
0.828	0.5508	0.917	6.424	5.2982	7.2785	1.5027		0.828	-6.424	0.547045952	0.99015		0.54	0.55	-6.782757978	-6.628685184	-6.674199029	0.063851228
0.01	0.006	0.0105	0.1014	0.0812	0.1416	0.0126		0.01	-0.1014	0.99009901	0.0302		0.99	1	-0.134070295	0	-0.132742866	1.07711861
0.017	0.012	0.015	0.1817	0.1617	0.2017	0.0197		0.017	-0.1817	0.983284169	0.02		0.98	0.99	-0.26887728	-0.134070295	-0.224604386	4.601965894
0.017	0.0135	0.018	0.2017	0.1817	0.2416	0.0225		0.017	-0.2017	0.983284169	0.02995		0.98	0.99	-0.26887728	-0.134070295	-0.224604386	0.584848881
0.017	0.0135	0.018	0.2217	0.1817	0.2416	0.0241		0.017	-0.2217	0.983284169	0.02995		0.98	0.99	-0.26887728	-0.134070295	-0.224604386	0.009404053
0.023	0.021	0.0255	0.301	0.2812	0.3404	0.0338		0.023	-0.301	0.977517107	0.0296		0.97	0.98	-0.404419252	-0.26887728	-0.302530908	0.002674943
0.032	0.0285	0.036	0.4383	0.3797	0.4771	0.0473		0.032	-0.4383	0.968992248	0.0487		0.96	0.97	-0.540694018	-0.404419252	-0.418152368	0.171155204
0.053	0.0435	0.0525	0.6309	0.5735	0.6879	0.0706		0.053	-0.6309	0.949667616	0.0572		0.94	0.95	-0.815430574	-0.677698874	-0.682276851	0.806757297
0.459	0.4757	0.5703	5.1157	4.7761	5.4264	0.9837		0.459	-5.1157	0.68540096	0.32515		0.68	0.69	-4.623732039	-4.470751186	-4.541107699	3.122856933
0.511	0.5073	0.6033	5.338	5.0012	5.6365	1.059		0.511	-5.338	0.661813369	0.31765		0.66	0.67	-4.930620301	-4.777032194	-4.902769115	1.877334637
0.474	0.5013	0.6018	5.3082	4.959	5.6271	1.0492		0.474	-5.3082	0.678426052	0.33405		0.67	0.68	-4.777032194	-4.623732039	-4.647860693	3.907611209
0.537	0.4637	0.6528	5.3676	4.688	5.9367	1.0688		0.537	-5.3676	0.650618087	0.62435		0.65	0.66	-5.084463588	-4.930620301	-5.074954732	0.219698342
0.477	0.4277	0.5088	4.7212	4.4158	5.0117	0.8608		0.477	-4.7212	0.67704807	0.29795		0.67	0.68	-4.777032194	-4.623732039	-4.668985165	0.0307115
0.455	0.3992	0.5058	4.6099	4.1915	4.9907	0.8258		0.455	-4.6099	0.687285223	0.3996		0.68	0.69	-4.623732039	-4.470751186	-4.51228207	0.059677171
0.815	0.6783	0.8884	6.6576	6.0847	7.152	1.6176		0.815	-6.6576	0.550964187	0.53365		0.55	0.56	-6.628685184	-6.474411548	-6.613810315	0.006733341
0.949	0.7774	0.944	7.0284	6.6195	7.3947	1.815		0.949	-7.0284	0.513083633	0.3876		0.51	0.52	-7.243265342	-7.09009996	-7.196034765	0.187051263
1.056	0.8899	1.07	7.5507	7.1587	7.8951	2.1324		1.056	-7.5507	0.486381323	0.3682		0.48	0.49	-7.700090046	-7.548315964	-7.603238103	0.020360161
0.278	0.2236	0.3227	3.1109	2.6157	3.548	0.458		0.278	-3.1109	0.782472613	0.46615		0.78	0.79	-3.112784697	-2.964422451	-3.076100448	0.005573088
0.01	0.0075	0.012	0.1416	0.1014	0.1617	0.0148		0.01	-0.1416	0.99009901	0.03015		0.99	1	-0.134070295	0	-0.132742866	0.086300197
0.013	0.009	0.012	0.1416	0.1215	0.1617	0.016		0.013	-0.1416	0.987166831	0.0201		0.98	0.99	-0.26887728	-0.134070295	-0.172263389	2.327277658
0.014	0.012	0.0165	0.2017	0.1617	0.2217	0.0221		0.014	-0.2017	0.986193294	0.03		0.98	0.99	-0.26887728	-0.134070295	-0.185387352	0.295669416
0.015	0.0135	0.018	0.2217	0.1817	0.2416	0.0237		0.015	-0.2217	0.985221675	0.02995		0.98	0.99	-0.26887728	-0.134070295	-0.198485455	0.600795524
0.025	0.021	0.027	0.3207	0.2812	0.3601	0.0346		0.025	-0.3207	0.975609756	0.03945		0.97	0.98	-0.404419252	-0.26887728	-0.328383512	0.037933725
0.026	0.0225	0.0285	0.3404	0.301	0.3797	0.0374		0.026	-0.3404	0.974658869	0.03935		0.97	0.98	-0.404419252	-0.26887728	-0.341272017	0.00049109
0.031	0.0255	0.0315	0.3797	0.3404	0.4188	0.0424		0.031	-0.3797	0.969932105	0.0392		0.96	0.97	-0.540694018	-0.404419252	-0.405344493	0.427972723
0.038	0.039	0.0465	0.5543	0.5158	0.6118	0.0621		0.038	-0.5543	0.963391137	0.048		0.96	0.97	-0.540694018	-0.404419252	-0.494481381	1.553067375
1.199	0.7954	1.049	7.3111	6.7104	7.8163	1.981		1.199	-7.3111	0.45475216	0.55295		0.45	0.46	-8.151717056	-8.001849437	-8.080497564	1.936109381
0.47	0.4937	0.5883	5.238	4.9058	5.542	1.0254		0.47	-5.238	0.680272109	0.3181		0.68	0.69	-4.623732039	-4.470751186	-4.619569295	3.779677539
0.5	0.4832	0.5898	5.2077	4.8305	5.5515	1.016		0.5	-5.2077	0.666666667	0.3605		0.66	0.67	-4.930620301	-4.777032194	-4.828228229	1.108022066
0.54	0.3287	0.4667	4.1915	3.6007	4.7102	0.7094		0.54	-4.1915	0.649350649	0.55475		0.64	0.65	-5.238527846	-5.084463588	-5.094467761	2.649414249
0.47	0.4847	0.5853	5.1976	4.8413	5.5229	1.0113		0.47	-5.1976	0.680272109	0.3408		0.68	0.69	-4.623732039	-4.470751186	-4.619569295	2.876753467
0.49	0.4232	0.5208	4.7542	4.3809	5.0951	0.8687		0.49	-4.7542	0.67114094	0.3571		0.67	0.68	-4.777032194	-4.623732039	-4.759541572	0.000223748
0.543	0.4817	0.5643	5.1157	4.8196	5.3872	0.9837		0.543	-5.1157	0.64808814	0.2838		0.64	0.65	-5.238527846	-5.084463588	-5.113918518	3.94038E-05
0.016	0.0135	0.0165	0.2017	0.1817	0.2217	0.0219		0.016	-0.2017	0.984251969	0.02		0.98	0.99	-0.26887728	-0.134070295	-0.211557775	0.242939298
0.019	0.0135	0.018	0.2217	0.1817	0.2416	0.0238		0.019	-0.2217	0.981354269	0.02995		0.98	0.99	-0.26887728	-0.134070295	-0.250620789	0.932452322
0.021	0.018	0.0225	0.2614	0.2416	0.301	0.0294		0.021	-0.2614	0.979431929	0.0297		0.97	0.98	-0.404419252	-0.26887728	-0.27657702	0.26113201
0.023	0.018	0.024	0.2812	0.2416	0.3207	0.0307		0.023	-0.2812	0.977517107	0.03955		0.97	0.98	-0.404419252	-0.26887728	-0.302530908	0.290887922
0.026	0.021	0.0255	0.301	0.2812	0.3404	0.0338		0.026	-0.301	0.974658869	0.0296		0.97	0.98	-0.404419252	-0.26887728	-0.341272017	1.851072165
0.036	0.0345	0.0405	0.4965	0.4577	0.5351	0.0546		0.036	-0.4965	0.965250965	0.0387		0.96	0.97	-0.540694018	-0.404419252	-0.469136612	0.499939915
0.884	0.8629	1.0055	7.3564	7.0354	7.6473	2.0085		0.884	-7.3564	0.530785563	0.30595		0.53	0.54	-6.93657999	-6.782757978	-6.924496308	1.992842234
0.882	0.7264	0.926	6.8651	6.3516	7.3176	1.7254		0.882	-6.8651	0.531349628	0.483		0.53	0.54	-6.93657999	-6.782757978	-6.91581974	0.011027061
0.57	0.4922	0.6363	5.3872	4.8951	5.8386	1.0786		0.57	-5.3872	0.636942675	0.47175		0.63	0.64	-5.392777412	-5.238527846	-5.285686949	0.046304153
0.528	0.4847	0.5973	5.238	4.8413	5.5989	1.0254		0.528	-5.238	0.654450262	0.3788		0.65	0.66	-5.084463588	-4.930620301	-5.015999298	0.343469956
0.016	0.0105	0.015	0.1817	0.1416	0.2017	0.0193		0.016	-0.1817	0.984251969	0.03005		0.98	0.99	-0.26887728	-0.134070295	-0.211557775	0.987247213
0.771	0.5778	0.6633	5.7477	5.4749	5.9982	1.2103		0.771	-5.7477	0.564652739	0.26165		0.56	0.57	-6.474411548	-6.319985657	-6.402561218	6.264076678
0.832	0.6423	0.8134	6.3678	5.8745	6.7995	1.4753		0.832	-6.3678	0.545851528	0.4625		0.54	0.55	-6.782757978	-6.628685184	-6.692601845	0.493189136
0.798	0.7189	0.926	6.8506	6.3108	7.3176	1.7174		0.798	-6.8506	0.556173526	0.5034		0.55	0.56	-6.628685184	-6.474411548	-6.533443951	0.396935164
0.811	0.7294	0.9695	6.9864	6.3678	7.5015	1.7901		0.811	-6.9864	0.552181115	0.56685		0.55	0.56	-6.628685184	-6.474411548	-6.595036324	0.476677583
0.815	0.7894	0.9905	7.1655	6.6803	7.5872	1.8918		0.815	-7.1655	0.550964187	0.45345		0.55	0.56	-6.628685184	-6.474411548	-6.613810315	1.480235838
0.977	0.7444	0.92	6.894	6.4479	7.2916	1.7413		0.977	-6.894	0.505816894	0.42185		0.5	0.51	-7.396022343	-7.243265342	-7.307165211	0.959249065
1.755	1.2156	1.4992	8.9859	8.3972	9.1915	3.3797		1.755	-8.9859	0.362976407	0.39715		0.36	0.37	-9.459043566	-9.318239585	-9.417134577	1.179011438
0.475	0.4067	0.4817	4.5421	4.2513	4.8196	0.807		0.475	-4.5421	0.677966102	0.28415		0.67	0.68	-4.777032194	-4.623732039	-4.654911732	0.157620685
0.95	0.7354	0.971	7.0005	6.4	7.5077	1.7984		0.95	-7.0005	0.512820513	0.55385		0.51	0.52	-7.243265342	-7.09009996	-7.20006485	0.129832608
0.84	0.6963	0.8269	6.5423	6.1865	6.8651	1.5591		0.84	-6.5423	0.543478261	0.3393		0.54	0.55	-6.782757978	-6.628685184	-6.729167441	0.303318959
0.954	0.8569	1.0655	7.4766	7.0075	7.8784	2.0839		0.954	-7.4766	0.511770727	0.43545		0.51	0.52	-7.243265342	-7.09009996	-7.216143939	0.357760466
0.9	0.6768	0.8299	6.4953	6.0761	6.8796	1.5377		0.9	-6.4953	0.526315789	0.40175		0.52	0.53	-7.09009996	-6.93657999	-6.993139979	1.535563458
0.935	0.7519	0.95	6.9864	6.4875	7.4201	1.7901		0.935	-6.9864	0.516795866	0.4663		0.51	0.52	-7.243265342	-7.09009996	-7.139176207	0.107344702
0.67	0.5748	0.6993	5.8476	5.4555	6.2033	1.2499		0.67	-5.8476	0.598802395	0.3739		0.59	0.6	-6.010864541	-5.856259502	-5.874775076	0.005282392
0.735	0.5763	0.6738	5.7752	5.4652	6.0589	1.2215		0.735	-5.7752	0.576368876	0.29685		0.57	0.58	-6.319985657	-6.16545472	-6.221566818	2.261047568
0.64	0.5343	0.6558	5.5895	5.1874	5.9544	1.1505		0.64	-5.5895	0.609756098	0.3835		0.6	0.61	-5.856259502	-5.701682548	-5.705452717	0.091417876
1.34	1.058	1.3582	8.3779	7.8503	8.8232	2.7725		1.34	-8.3779	0.427350427	0.48645		0.42	0.43	-8.596545259	-8.449126622	-8.488186261	0.051400389
1.14	0.9875	1.2486	8.0743	7.5751	8.5012	2.517		1.14	-8.0743	0.46728972	0.46305		0.46	0.47	-8.001849437	-7.851287316	-7.892093872	0.154835371
1.305	0.914	1.1631	7.782	7.2653	8.2245	2.2955		1.305	-7.782	0.433839479	0.4796		0.43	0.44	-8.449126622	-8.300829859	-8.392188385	1.618711769
1.3	1.1721	1.3762	8.5793	8.2548	8.873	2.9572		1.3	-8.5793	0.434782609	0.3091		0.43	0.44	-8.449126622	-8.300829859	-8.378202083	0.423269655
0.97	0.941	1.2606	8.0156	7.382	8.5382	2.471		0.97	-8.0156	0.507614213	0.5781		0.5	0.51	-7.396022343	-7.243265342	-7.279709906	1.62039157
1.37	1.2186	1.4917	8.819	8.4068	9.1731	3.198		1.37	-8.819	0.421940928	0.38315		0.42	0.43	-8.596545259	-8.449126622	-8.567932359	0.429381989
1.02	0.7639	0.95	7.0145	6.5501	7.4201	1.8067		1.02	-7.0145	0.495049505	0.435		0.49	0.5	-7.548315964	-7.396022343	-7.471415225	1.103297781
1.23	1.2036	1.4482	8.734	8.3585	9.0638	3.1108		1.23	-8.734	0.448430493	0.35265		0.44	0.45	-8.300829859	-8.151717056	-8.17512041	2.511589869
1.14	0.8854	1.1376	7.6829	7.1384	8.1373	2.2227		1.14	-7.6829	0.46728972	0.49945		0.46	0.47	-8.001849437	-7.851287316	-7.892093872	0.175434047
0.975	0.8329	1.028	7.3435	6.894	7.7357	1.9993		0.975	-7.3435	0.506329114	0.42085		0.5	0.51	-7.396022343	-7.243265342	-7.299340697	0.011010062
1.23	1.1331	1.3312	8.4496	8.1217	8.7469	2.8371		1.23	-8.4496	0.448430493	0.3126		0.44	0.45	-8.300829859	-8.151717056	-8.17512041	0.770978317
0.954	0.7249	0.902	6.8068	6.3435	7.2124	1.6939		0.954	-6.8068	0.511770727	0.43445		0.51	0.52	-7.243265342	-7.09009996	-7.216143939	0.887763173
0.74	0.6228	0.7444	6.1189	5.7569	6.4479	1.3642		0.74	-6.1189	0.574712644	0.3455		0.57	0.58	-6.319985657	-6.16545472	-6.247160733	0.137813363
0.46	0.3827	0.5013	4.5307	4.0579	4.959	0.8033		0.46	-4.5307	0.684931507	0.45055		0.68	0.69	-4.623732039	-4.470751186	-4.548289427	0.001524114
0.854	0.7489	0.947	6.9723	6.4717	7.4075	1.7819		0.854	-6.9723	0.539374326	0.4679		0.53	0.54	-6.93657999	-6.782757978	-6.792382225	0.147857056
0.839	0.6453	0.7594	6.22	5.8924	6.5267	1.4089		0.839	-6.22	0.54377379	0.31715		0.54	0.55	-6.782757978	-6.628685184	-6.724614139	2.531566846
1.02	0.9635	1.1226	7.7992	7.4766	8.0849	2.3061		1.02	-7.7992	0.495049505	0.30415		0.49	0.5	-7.548315964	-7.396022343	-7.471415225	1.161453733
1.12	1.0235	1.1826	8.0156	7.7182	8.2897	2.471		1.12	-8.0156	0.471698113	0.28575		0.47	0.48	-7.851287316	-7.700090046	-7.825612308	0.442057186
1.01	1.0565	1.2321	8.1632	7.8446	8.4496	2.5875		1.01	-8.1632	0.497512438	0.3025		0.49	0.5	-7.548315964	-7.396022343	-7.433906328	5.812381771
1.39	1.1091	1.2921	8.3536	8.0371	8.6332	2.7471		1.39	-8.3536	0.418410042	0.29805		0.41	0.42	-8.743022879	-8.596545259	-8.619834588	0.797904107
0.504	0.4757	0.5478	5.0327	4.7761	5.2782	0.9569		0.504	-5.0327	0.664893617	0.25105		0.66	0.67	-4.930620301	-4.777032194	-4.855460163	0.49842777
0.582	0.5658	0.6513	5.6739	5.397	5.9279	1.1827		0.582	-5.6739	0.632111252	0.26545		0.63	0.64	-5.392777412	-5.238527846	-5.360211448	1.396470865
0.496	0.4322	0.4982	4.6991	4.4505	4.9378	0.8529		0.496	-4.6991	0.668449198	0.24365		0.66	0.67	-4.930620301	-4.777032194	-4.80085067	0.17439809
0.87	0.8224	1.0835	7.4453	6.8433	7.9449	2.0648		0.87	-7.4453	0.534759358	0.5508		0.53	0.54	-6.93657999	-6.782757978	-6.863370583	1.116227608
0.679	0.6798	0.7939	6.408	6.0933	6.7029	1.4958		0.679	-6.408	0.595592615	0.3048		0.59	0.6	-6.010864541	-5.856259502	-5.924399901	2.51734557
0.331	0.2656	0.3092	3.2366	3.0259	3.4278	0.484		0.331	-3.2366	0.751314801	0.20095		0.75	0.76	-3.561152039	-3.411168455	-3.541432184	2.301153628
0.688	0.6018	0.6918	5.9013	5.6271	6.1613	1.2731		0.688	-5.9013	0.592417062	0.2671		0.59	0.6	-6.010864541	-5.856259502	-5.973495551	0.073058893
0.8	0.7039	0.8209	6.5423	6.2283	6.836	1.5591		0.8	-6.5423	0.555555556	0.30385		0.55	0.56	-6.628685184	-6.474411548	-6.542977608	4.97324E-06
0.532	0.5058	0.5868	5.2682	4.9907	5.5325	1.0349		0.532	-5.2682	0.652741514	0.2709		0.65	0.66	-5.084463588	-4.930620301	-5.04228723	0.69544622
0.449	0.3827	0.4427	4.2987	4.0579	4.5307	0.7394		0.449	-4.2987	0.690131125	0.2364		0.69	0.7	-4.470751186	-4.318119572	-4.468749805	0.517436824
0.371	0.3302	0.3812	3.8332	3.6139	4.0456	0.6207		0.371	-3.8332	0.729394602	0.21585		0.72	0.73	-4.0140169	-3.862598865	-3.871765675	0.031922564
0.249	0.2296	0.2656	2.8529	2.6757	3.0259	0.4082		0.249	-2.8529	0.800640512	0.1751		0.8	0.81	-2.816636671	-2.669443512	-2.807208767	0.068091589
0.463	0.4172	0.4817	4.5761	4.3341	4.8196	0.8182		0.463	-4.5761	0.683526999	0.24275		0.68	0.69	-4.623732039	-4.470751186	-4.569775703	0.000678744
0.461	0.4097	0.4712	4.5193	4.2751	4.7432	0.7996		0.461	-4.5193	0.684462697	0.23405		0.68	0.69	-4.623732039	-4.470751186	-4.555461323	0.02387104
0.285	0.2446	0.2836	3.0116	2.8236	3.1949	0.4394		0.285	-3.0116	0.778210117	0.18565		0.77	0.78	-3.261706159	-3.112784697	-3.1394399	0.474179679
0.633	0.6198	0.7174	6.033	5.7385	6.3027	1.327		0.633	-6.033	0.612369871	0.2821		0.61	0.62	-5.701682548	-5.547175172	-5.665066287	1.701112339
0.949	0.6663	0.8659	6.5733	6.0156	7.0493	1.5735		0.949	-6.5733	0.513083633	0.51685		0.51	0.52	-7.243265342	-7.09009996	-7.196034765	1.45170102
0.695	0.5913	0.6918	5.8745	5.5611	6.1613	1.2615		0.695	-5.8745	0.589970501	0.3001		0.58	0.59	-6.16545472	-6.010864541	-6.011320559	0.207859908
0.627	0.5373	0.6183	5.4749	5.2077	5.7294	1.1089		0.627	-5.4749	0.61462815	0.26085		0.61	0.62	-5.701682548	-5.547175172	-5.630174217	0.354337417
0.905	0.7264	0.926	6.8651	6.3516	7.3176	1.7254		0.905	-6.8651	0.524934383	0.483		0.52	0.53	-7.09009996	-6.93657999	-7.014347324	0.095481415
0.604	0.4922	0.5658	5.1568	4.8951	5.397	0.9974		0.604	-5.1568	0.623441397	0.25095		0.62	0.63	-5.547175172	-5.392777412	-5.494040781	1.805950209
0.791	0.6723	0.7789	6.3516	6.0503	6.6271	1.4685		0.791	-6.3516	0.558347292	0.2884		0.55	0.56	-6.628685184	-6.474411548	-6.499908475	0.264448694
0.592	0.4967	0.5823	5.2279	4.9271	5.5037	1.0207		0.592	-5.2279	0.628140704	0.2883		0.62	0.63	-5.547175172	-5.392777412	-5.421484533	0.450870715
0.571	0.4802	0.5583	5.0847	4.8088	5.3478	0.9747		0.571	-5.0847	0.636537237	0.2695		0.63	0.64	-5.392777412	-5.238527846	-5.291940808	0.591334225
0.557	0.4922	0.5658	5.1568	4.8951	5.397	0.9974		0.557	-5.1568	0.642260758	0.25095		0.64	0.65	-5.238527846	-5.084463588	-5.203697647	0.0349243
0.369	0.3302	0.3812	3.8332	3.6139	4.0456	0.6207		0.369	-3.8332	0.73046019	0.21585		0.73	0.74	-3.862598865	-3.711636167	-3.855651714	0.010819193
0.415	0.3692	0.4277	4.1915	3.9465	4.4158	0.7094		0.415	-4.1915	0.706713781	0.23465		0.7	0.71	-4.318119572	-4.165865749	-4.215899691	0.010812535
0.357	0.3242	0.3752	3.795	3.5612	3.9963	0.6094		0.357	-3.795	0.736919676	0.21755		0.73	0.74	-3.862598865	-3.711636167	-3.758137573	0.02871109
0.43	0.3692	0.4277	4.1915	3.9465	4.4158	0.7094		0.43	-4.1915	0.699300699	0.23465		0.69	0.7	-4.470751186	-4.318119572	-4.328793112	0.342339001
0.707	0.6348	0.7534	6.1781	5.8296	6.4953	1.3896		0.707	-6.1781	0.585823081	0.33285		0.58	0.59	-6.16545472	-6.010864541	-6.0754356	0.095135504
0.62	0.5943	0.6888	5.8745	5.58	6.1443	1.2615		0.62	-5.8745	0.617283951	0.28215		0.61	0.62	-5.701682548	-5.547175172	-5.589140138	1.022882298
0.643	0.5943	0.6888	5.8745	5.58	6.1443	1.2615		0.643	-5.8745	0.608642727	0.28215		0.6	0.61	-5.856259502	-5.701682548	-5.722662865	0.289598223
0.47	0.4472	0.5148	4.8196	4.5648	5.0535	0.889		0.47	-4.8196	0.680272109	0.24435		0.68	0.69	-4.623732039	-4.470751186	-4.619569295	0.670144788
0.61	0.5478	0.6288	5.542	5.2782	5.7934	1.1347		0.61	-5.542	0.621118012	0.2576		0.62	0.63	-5.547175172	-5.392777412	-5.529913311	0.002201522
0.263	0.2401	0.2776	2.9687	2.7796	3.139	0.4294		0.263	-2.9687	0.791765637	0.1797		0.79	0.8	-2.964422451	-2.816636671	-2.938328841	0.028564496
0.358	0.3287	0.3797	3.8205	3.6007	4.0333	0.6178		0.358	-3.8205	0.736377025	0.2163		0.73	0.74	-3.862598865	-3.711636167	-3.766329574	0.062720781
0.73	0.6558	0.7594	6.2532	5.9544	6.5267	1.4219		0.73	-6.2532	0.578034682	0.28615		0.57	0.58	-6.319985657	-6.16545472	-6.195824962	0.040203001
0.552	0.4832	0.5553	5.0847	4.8305	5.328	0.9747		0.552	-5.0847	0.644329897	0.24875		0.64	0.65	-5.238527846	-5.084463588	-5.171819611	0.122660766
0.337	0.3017	0.3482	3.5744	3.3601	3.7695	0.5583		0.337	-3.5744	0.747943156	0.2047		0.74	0.75	-3.711636167	-3.561152039	-3.592104272	0.007480325
0.822	0.6933	0.8629	6.6348	6.1697	7.0354	1.6028		0.822	-6.6348	0.54884742	0.43285		0.54	0.55	-6.782757978	-6.628685184	-6.6464433	0.000723565
0.95	0.7924	1.019	7.2389	6.6954	7.7006	1.9359		0.95	-7.2389	0.512820513	0.5026		0.51	0.52	-7.243265342	-7.09009996	-7.20006485	0.005970422
0.34	0.3092	0.3587	3.6531	3.4278	3.8586	0.5766		0.34	-3.6531	0.746268657	0.2154		0.74	0.75	-3.711636167	-3.561152039	-3.617302833	0.027618871
0.756	0.7024	0.8059	6.4953	6.22	6.7626	1.5377		0.756	-6.4953	0.569476082	0.2713		0.56	0.57	-6.474411548	-6.319985657	-6.328076308	0.379923388
0.613	0.5808	0.6738	5.7843	5.4941	6.0589	1.2271		0.613	-5.7843	0.619962802	0.2824		0.61	0.62	-5.701682548	-5.547175172	-5.547749905	0.701644086
0.55	0.4862	0.5598	5.1157	4.8521	5.3577	0.9837		0.55	-5.1157	0.64516129	0.2528		0.64	0.65	-5.238527846	-5.084463588	-5.15901081	0.029352052
0.811	0.7894	1.0145	7.2257	6.6803	7.6829	1.927		0.811	-7.2257	0.552181115	0.5013		0.55	0.56	-6.628685184	-6.474411548	-6.595036324	1.582705921
0.961	0.7969	1.0415	7.2981	6.7179	7.7877	1.9719		0.961	-7.2981	0.509943906	0.5349		0.5	0.51	-7.396022343	-7.243265342	-7.244122215	0.010183215
																		
																		0.761827116
